94 83 82 
14 2 11 
0 90 61 
87 100 91 
3 4 15 
17 88 68 
93 98 87 
3 16 13 
3 82 44 
100 96 84 
15 8 0 
0 90 58 
90 94 96 
10 16 19 
8 89 55 
91 86 81 
3 19 3 
13 86 56 
100 80 90 
0 19 3 
12 80 53 
97 88 83 
18 14 0 
20 85 70 
97 86 82 
18 3 20 
15 87 42 
94 81 98 
2 10 3 
13 87 74 
85 95 90 
1 8 4 
6 83 64 
94 98 84 
18 3 7 
11 83 74 
84 85 92 
5 6 16 
8 82 79 
85 90 99 
19 16 0 
12 88 75 
80 86 90 
8 20 1 
2 86 52 
82 89 94 
20 17 4 
3 87 61 
81 87 85 
13 12 8 
7 88 46 
93 98 80 
4 5 6 
0 80 71 
94 84 82 
17 13 20 
6 81 62 
91 93 81 
2 20 0 
1 89 75 
81 88 99 
17 16 19 
10 87 71 
94 94 96 
3 13 19 
11 82 52 
100 95 96 
7 13 19 
6 80 52 
88 83 100 
4 5 4 
10 84 76 
83 83 89 
9 15 12 
20 90 60 
100 86 91 
14 20 0 
17 81 73 
88 91 93 
2 11 8 
10 85 40 
88 100 92 
15 2 2 
3 81 66 
94 98 95 
19 13 12 
0 85 60 
100 92 83 
10 4 18 
17 80 72 
90 92 95 
18 12 2 
18 82 47 
82 84 82 
17 6 10 
0 88 70 
94 92 89 
5 6 4 
14 87 76 
99 84 97 
7 18 12 
15 84 42 
100 98 93 
14 19 4 
5 84 41 
84 88 82 
10 6 20 
20 87 66 
87 98 88 
19 0 18 
1 88 54 
100 86 81 
20 1 5 
11 85 76 
98 83 87 
0 20 11 
2 87 77 
89 98 95 
11 15 18 
17 89 70 
96 88 97 
13 4 14 
6 89 55 
96 88 86 
4 3 9 
17 83 72 
91 82 88 
6 1 2 
13 88 68 
97 85 93 
8 16 4 
5 85 74 
86 81 92 
6 18 7 
9 88 79 
91 95 94 
5 4 3 
19 87 53 
87 97 99 
20 1 4 
11 90 52 
85 88 87 
3 2 17 
3 89 48 
96 91 93 
13 6 4 
0 81 80 
81 97 85 
5 13 14 
19 90 53 
96 80 95 
14 20 10 
3 88 67 
80 92 98 
11 10 16 
14 81 80 
99 86 94 
19 2 4 
4 82 68 
95 81 85 
20 3 15 
13 85 60 
90 90 100 
14 5 18 
6 89 76 
97 80 83 
19 4 5 
14 84 60 
100 98 100 
12 13 1 
1 81 52 
96 83 81 
4 0 20 
9 82 46 
93 87 96 
7 8 15 
2 82 67 
90 90 80 
1 2 14 
4 83 74
